period=[1980,2020]
idx_basin=[0,1,2,3,4,5]
threshold=0.5
climate_index='ONI'
months=[[6,7,8,9,10,11],[6,7,8,9,10,11],[10,11],[1,2,3,4,11,12],[1,2,3,4,11,12],[5,6,7,8,9,10,11]]
mpi_bounds=[[860,880,900,900,880,860],[920,900,900,900,880,880],[880,860],[840,880,860,860,840,860],[840,840,860,860,840,840],[860,860,860,870,870,860,860]]
months_for_coef_MPI=[[6,7,8,9,10,11],[6,7,8,9,10,11],[10,11],[1,2,3,4,11,12],[1,2,3,4,11,12],[5,6,7,8,9,10,11]]
months_for_coef_PRESS=[[6,7,8,9,10,11],[6,7,8,9,10,11],[10,11],[1,2,3,4,11,12],[1,2,3,4,11,12],[5,6,7,8,9,10,11]]
generation_phase='NEU'
genesis_weighting='GPI' # or 'EMPIRICAL'
